0 0.118005
1.95312 0.0791566
3.90625 0.0219773
5.85938 0.00219437
7.8125 0.000442837
9.76562 0.000735017
11.7188 0.000416657
13.6719 0.000661911
15.625 0.000468602
17.5781 0.000705636
19.5312 0.000700466
21.4844 0.000871935
23.4375 0.000600994
25.3906 0.00110439
27.3438 0.000490046
29.2969 0.000876951
31.25 0.000670782
33.2031 0.00112722
35.1562 0.000569082
37.1094 0.000707696
39.0625 0.000265269
41.0156 0.000918886
42.9688 0.0159448
44.9219 1.09277
46.875 7.98122
48.8281 19.8853
50.7812 21.5548
52.7344 10.333
54.6875 1.82347
56.6406 0.0550127
58.5938 0.000597462
60.5469 0.000392794
62.5 0.000557531
64.4531 0.00111509
66.4062 0.00078154
68.3594 0.000892982
70.3125 0.000817787
72.2656 0.00127232
74.2188 0.000491076
76.1719 0.000792291
78.125 0.000504935
80.0781 0.000583337
82.0312 0.00090803
83.9844 0.00087382
85.9375 0.00050109
87.8906 0.000784786
89.8438 0.000439574
91.7969 0.000585379
93.75 0.00050154
95.7031 0.00052745
97.6562 0.000493268
99.6094 0.000571276
101.562 0.000474284
103.516 0.000539231
105.469 0.000477305
107.422 0.000456361
109.375 0.000282964
111.328 0.000373921
113.281 0.00812989
115.234 0.301817
117.188 1.81114
119.141 3.9044
121.094 3.70093
123.047 1.53883
125 0.226271
126.953 0.0046391
128.906 0.000273662
130.859 0.000337558
132.812 0.00035012
134.766 0.000251992
136.719 0.000284601
138.672 0.000362652
140.625 0.00037953
142.578 0.000402807
144.531 0.000437677
146.484 0.000458829
148.438 0.000445135
150.391 0.000354256
152.344 0.000199192
154.297 0.000234686
156.25 0.000263962
158.203 0.000293729
160.156 0.000191186
162.109 0.0002418
164.062 0.000317264
166.016 0.000429293
167.969 0.00034355
169.922 0.000216232
171.875 0.000202502
173.828 0.00020609
175.781 0.000136642
177.734 0.000141083
179.688 0.000178544
181.641 0.000205725
183.594 0.000179144
185.547 0.000298735
187.5 0.000301216
189.453 0.000238795
191.406 0.000198696
193.359 0.000216043
195.312 0.000191459
197.266 0.000164706
199.219 0.000151653
201.172 0.000243081
203.125 0.000245703
205.078 0.000231941
207.031 0.000194584
208.984 0.000229929
210.938 0.000213504
212.891 0.000213096
214.844 0.000186159
216.797 0.000210624
218.75 0.000234387
220.703 0.00027961
222.656 0.000347952
224.609 0.000334117
226.562 0.000215056
228.516 0.000176941
230.469 0.000217535
232.422 0.000291903
234.375 0.00027294
236.328 0.000236708
238.281 0.000210041
240.234 0.00028037
242.188 0.000307522
244.141 0.000434612
246.094 0.000409045
248.047 0.000310044
250 0.000227524
251.953 0.000164898
253.906 0.000147605
255.859 0.000210927
257.812 0.000256066
259.766 0.000278927
261.719 0.000249508
263.672 0.0003072
265.625 0.000340167
267.578 0.000308741
269.531 0.000245877
271.484 0.000268668
273.438 0.000234549
275.391 0.000197284
277.344 0.000191878
279.297 0.000196765
281.25 0.000162153
283.203 0.000210562
285.156 0.00018523
287.109 0.000158761
289.062 0.000196849
291.016 0.000246374
292.969 0.000255113
294.922 0.000250695
296.875 0.000176254
298.828 0.000126987
300.781 0.000113203
302.734 0.000117895
304.688 0.000173704
306.641 0.000254001
308.594 0.000271292
310.547 0.00036434
312.5 0.000381557
314.453 0.000287332
316.406 0.000167032
318.359 0.000161131
320.312 0.000153132
322.266 0.000152132
324.219 0.00018513
326.172 0.00019344
328.125 0.000197384
330.078 0.000223598
332.031 0.000181029
333.984 0.000242955
335.938 0.000318051
337.891 0.000295211
339.844 0.000250872
341.797 0.000247315
343.75 0.000202314
345.703 0.000209275
347.656 0.000187101
349.609 0.000171024
351.562 0.000184421
353.516 0.000183941
355.469 0.000181351
357.422 0.000240883
359.375 0.000209848
361.328 0.000164884
363.281 0.000170337
365.234 0.000161806
367.188 0.000115401
369.141 0.000120327
371.094 0.000151588
373.047 0.000166931
375 0.000130267
376.953 0.000134199
378.906 0.000181679
380.859 0.000227386
382.812 0.000260543
384.766 0.000333892
386.719 0.000338452
388.672 0.000286624
390.625 0.000233875
392.578 0.000212982
394.531 0.000178086
396.484 0.000174291
398.438 0.000197361
400.391 0.00024957
402.344 0.000253816
404.297 0.000230618
406.25 0.000185156
408.203 0.000166072
410.156 0.000145338
412.109 0.000129318
414.062 0.000125096
416.016 0.00014946
417.969 0.000173772
419.922 0.000202344
421.875 0.000207367
423.828 0.000218576
425.781 0.000193695
427.734 0.000204675
429.688 0.000218442
431.641 0.000195334
433.594 0.000200896
435.547 0.000272011
437.5 0.000298157
439.453 0.000286993
441.406 0.000268115
443.359 0.000231798
445.312 0.000238403
447.266 0.000264731
449.219 0.000209709
451.172 0.000150525
453.125 0.000138708
455.078 0.000203861
457.031 0.000191828
458.984 0.000169659
460.938 0.000151447
462.891 0.0001356
464.844 0.000149816
466.797 0.000160392
468.75 0.000138153
470.703 0.000104268
472.656 0.000129603
474.609 0.000240813
476.562 0.00032908
478.516 0.000379059
480.469 0.000303085
482.422 0.000248883
484.375 0.000270576
486.328 0.000283058
488.281 0.000217725
490.234 0.000183164
492.188 0.000223815
494.141 0.000273375
496.094 0.000280476
498.047 0.000300431
500 0.000307542
